20
5 100
20 15 30 80 100
3 1 
2 2 2 
3 5 
3 2 1
9 10 
3 2 3 1 7 2 2 4 2
979
1409
778
1271
768
862
1510
685
765
1419
955
833
1381
863
929
1142
718
1068
1011
1094
1056
882
1190
1370
785
1570
1010
1522
1365
780
1330
1008
690
1289
799
1322
1460
899
1416
1350
971
1062
1560
770
1086
1262
1515
1497
786
1115
1277
1171
1125
1208
1372
1310
692
1378
901
784
1445
1281
864
1153
800
1442
910
720
1116
843
689
1229
1062
1555
1188
1452
1011
981
972
962
1428
1217
736
1249
1389
1192
1134
1539
1503
1389
1581
1264
923
858
1315
835
902
1239
1557
1563
1289
1213
992
1010
1188
1126
1201
1427
819
1323
1260
1507
731
870
902
682
928
940
1343
1101
742
956
679
711
918
812
969
1180
1265
969
956
1480
1561
1130
743
1546
941
876
1158
1503
1567
1511
821
1105
1095
1028
913
1509
1187
896
760
991
904
1046
703
1004
1338
1272
1177
908
1053
1459
1498
1181
1419
819
1298
774
974
984
703
1386
1368
1103
700
1132
1080
790
1018
1299
1485
1285
1423
1411
1070
924
857
1344
1384
868
1320
1321
1363
1041
1504
687
754
1062
1063
920
1172
837
1470
1007
1089
924
717
923
1463
920
1372
1283
1274
1355
682
805
1531
1141
1192
938
1137
1098
957
1016
1391
1004
723
1294
1486
974
1218
1035
1579
923
1020
979
1432
1288
1445
1307
1056
1250
732
1163
857
1376
1377
1144
1092
1568
1524
990
1401
1182
1268
1200
1393
771
753
1048
870
1427
956
1563
1474
1039
1495
1114
1352
1360
1297
802
1062
1449
1450
1099
691
1296
783
967
804
1207
1206
1056
992
1343
788
786
1165
1551
1101
1331
681
693
1417
828
1268
1046
907
1309
1008
692
1165
1292
1227
968
1404
717
1233
819
1227
1370
888
1291
1488
1373
1022
1433
1198
1287
1244
693
1484
1577
1079
1193
1182
1433
1344
1028
1477
1517
932
1002
1260
1386
1001
776
1185
1120
676
1110
1508
1108
1576
1265
1585
713
1499
1356
1174
1452
922
945
1082
857
784
1196
1054
1184
1139
1376
1243
1155
1564
1115
1472
750
895
954
1146
1061
799
1538
819
1148
705
1176
1431
1117
1480
1517
812
968
701
854
1038
751
1019
843
985
1034
708
1073
1270
836
843
947
1217
1332
871
794
893
1272
1017
905
1475
1484
1289
839
721
1401
883
1455
1190
1168
1151
1342
780
1062
1000
1162
801
902
1432
975
1372
1484
1157
1368
680
1304
1015
1126
934
1545
865
918
1243
1188
1028
801
751
1297
1381
1392
870
1523
1341
774
1523
1421
781
1470
839
1039
887
1092
909
1359
683
1343
1364
977
1448
1449
862
1133
982
1048
1067
1528
1196
1360
1559
1114
1060
688
774
879
1492
787
1089
1101
1038
1477
1472
1002
1130
1158
1551
830
1243
1083
1469
1259
834
894
812
1209
1238
1284
1171
1036
679
757
1536
1520
1031
1402
1257
855
1268
675
1400
1447
1582
1229
1347
1028
691
963
741
1481
1389
1119
1550
1276
1353
1104
1359
1582
1453
1576
1061
1234
1406
846
1216
950
709
1017
697
1568
1150
1510
1510
1021
1223
960
1261
1429
1056
758
788
957
1141
1101
884
1208
693
1132
738
912
1425
997
752
977
1280
887
1057
1200
1200
1452
906
1385
978
768
1492
1309
1349
1524
931
1006
1011
852
1123
1436
759
997
1367
865
812
1210
1134
1107
1556
988
1237
1549
778
811
698
798
1057
915
1281
857
1503
764
1161
926
1415
1370
1319
1227
1178
1359
1037
1536
726
1543
1157
771
1532
1096
1282
679
1512
1067
1172
1245
887
702
698
1294
1370
927
1414
1005
1323
1059
1092
1100
1096
1544
914
1331
1396
1446
938
684
830
1073
909
766
1290
1179
1033
1465
1211
1079
800
1316
1375
1410
1338
1028
744
1524
1481
1231
854
1574
1289
926
947
1510
1492
1016
1416
796
1190
768
725
735
1441
1259
703
743
1382
733
694
753
1383
1094
684
860
1065
1135
953
889
1432
1230
1241
953
1252
1091
754
890
1117
951
1295
784
759
1565
1200
777
1148
807
976
1173
1032
1325
1448
801
1350
1567
1138
989
1461
751
887
1582
1278
708
738
839
1368
1352
749
1402
730
974
1520
1280
1373
918
776
1498
1530
960
1004
1519
1256
737
1055
767
1026
1243
709
738
1274
1101
1388
845
1232
748
773
1038
870
828
1211
1210
1579
1442
1220
1235
703
1408
1155
951
1253
730
1288
1421
933
1369
1497
1459
943
975
1511
1580
1250
1566
915
865
1194
863
708
1540
1023
827
1317
803
1539
830
1519
1182
1395
1037
1269
1063
769
1365
1093
1049
1469
1343
794
1238
913
708
1281
1075
1126
1038
713
1427
1216
1344
1193
1249
1064
743
1404
1158
1134
1205
715
1215
1263
1216
1152
1139
716
1517
1326
973
1053
884
1247
1264
1497
1169
837
1509
784
728
1464
697
1470
770
1268
1369
1470
831
1191
779
1406
1356
1535
713
874
1126
1521
901
1488
840
1402
1237
1286
784
1150
1290
1067
1514
1468
901
859
1190
1558
1122
1439
1164
886
1157
935
963
1130
908
1354
920
1119
1470
922
961
1352
1061
1294
1513
762
827
1175
1269
1061
1259
970
1136
1188
1062
1156
1394
1531
1432
1206
1340
825
787
1142
892
1143
758
1271
1236
1098
1440
1423
1313
1389
938
1094
1166
1018
1232
973
1116
970
1278
1238
829
1350
688
849
1073
1364
930
1324
685
1162
1310
1364
731
1102
1455
1513
762
1200
1444
1243
1552
1246
782
845
1305
1279
1375
964
1038
947
5 100
20 15 30 80 100
3 1 
2 2 2 
3 5 
3 2 1
9 10 
3 2 3 1 7 2 2 4 2
979
1409
778
1271
768
862
1510
685
765
1419
955
833
1381
863
929
1142
718
1068
1011
1094
1056
882
1190
1370
785
1570
1010
1522
1365
780
1330
1008
690
1289
799
1322
1460
899
1416
1350
971
1062
1560
770
1086
1262
1515
1497
786
1115
1277
1171
1125
1208
1372
1310
692
1378
901
784
1445
1281
864
1153
800
1442
910
720
1116
843
689
1229
1062
1555
1188
1452
1011
981
972
962
1428
1217
736
1249
1389
1192
1134
1539
1503
1389
1581
1264
923
858
1315
835
902
1239
1557
1563
1289
1213
992
1010
1188
1126
1201
1427
819
1323
1260
1507
731
870
902
682
928
940
1343
1101
742
956
679
711
918
812
969
1180
1265
969
956
1480
1561
1130
743
1546
941
876
1158
1503
1567
1511
821
1105
1095
1028
913
1509
1187
896
760
991
904
1046
703
1004
1338
1272
1177
908
1053
1459
1498
1181
1419
819
1298
774
974
984
703
1386
1368
1103
700
1132
1080
790
1018
1299
1485
1285
1423
1411
1070
924
857
1344
1384
868
1320
1321
1363
1041
1504
687
754
1062
1063
920
1172
837
1470
1007
1089
924
717
923
1463
920
1372
1283
1274
1355
682
805
1531
1141
1192
938
1137
1098
957
1016
1391
1004
723
1294
1486
974
1218
1035
1579
923
1020
979
1432
1288
1445
1307
1056
1250
732
1163
857
1376
1377
1144
1092
1568
1524
990
1401
1182
1268
1200
1393
771
753
1048
870
1427
956
1563
1474
1039
1495
1114
1352
1360
1297
802
1062
1449
1450
1099
691
1296
783
967
804
1207
1206
1056
992
1343
788
786
1165
1551
1101
1331
681
693
1417
828
1268
1046
907
1309
1008
692
1165
1292
1227
968
1404
717
1233
819
1227
1370
888
1291
1488
1373
1022
1433
1198
1287
1244
693
1484
1577
1079
1193
1182
1433
1344
1028
1477
1517
932
1002
1260
1386
1001
776
1185
1120
676
1110
1508
1108
1576
1265
1585
713
1499
1356
1174
1452
922
945
1082
857
784
1196
1054
1184
1139
1376
1243
1155
1564
1115
1472
750
895
954
1146
1061
799
1538
819
1148
705
1176
1431
1117
1480
1517
812
968
701
854
1038
751
1019
843
985
1034
708
1073
1270
836
843
947
1217
1332
871
794
893
1272
1017
905
1475
1484
1289
839
721
1401
883
1455
1190
1168
1151
1342
780
1062
1000
1162
801
902
1432
975
1372
1484
1157
1368
680
1304
1015
1126
934
1545
865
918
1243
1188
1028
801
751
1297
1381
1392
870
1523
1341
774
1523
1421
781
1470
839
1039
887
1092
909
1359
683
1343
1364
977
1448
1449
862
1133
982
1048
1067
1528
1196
1360
1559
1114
1060
688
774
879
1492
787
1089
1101
1038
1477
1472
1002
1130
1158
1551
830
1243
1083
1469
1259
834
894
812
1209
1238
1284
1171
1036
679
757
1536
1520
1031
1402
1257
855
1268
675
1400
1447
1582
1229
1347
1028
691
963
741
1481
1389
1119
1550
1276
1353
1104
1359
1582
1453
1576
1061
1234
1406
846
1216
950
709
1017
697
1568
1150
1510
1510
1021
1223
960
1261
1429
1056
758
788
957
1141
1101
884
1208
693
1132
738
912
1425
997
752
977
1280
887
1057
1200
1200
1452
906
1385
978
768
1492
1309
1349
1524
931
1006
1011
852
1123
1436
759
997
1367
865
812
1210
1134
1107
1556
988
1237
1549
778
811
698
798
1057
915
1281
857
1503
764
1161
926
1415
1370
1319
1227
1178
1359
1037
1536
726
1543
1157
771
1532
1096
1282
679
1512
1067
1172
1245
887
702
698
1294
1370
927
1414
1005
1323
1059
1092
1100
1096
1544
914
1331
1396
1446
938
684
830
1073
909
766
1290
1179
1033
1465
1211
1079
800
1316
1375
1410
1338
1028
744
1524
1481
1231
854
1574
1289
926
947
1510
1492
1016
1416
796
1190
768
725
735
1441
1259
703
743
1382
733
694
753
1383
1094
684
860
1065
1135
953
889
1432
1230
1241
953
1252
1091
754
890
1117
951
1295
784
759
1565
1200
777
1148
807
976
1173
1032
1325
1448
801
1350
1567
1138
989
1461
751
887
1582
1278
708
738
839
1368
1352
749
1402
730
974
1520
1280
1373
918
776
1498
1530
960
1004
1519
1256
737
1055
767
1026
1243
709
738
1274
1101
1388
845
1232
748
773
1038
870
828
1211
1210
1579
1442
1220
1235
703
1408
1155
951
1253
730
1288
1421
933
1369
1497
1459
943
975
1511
1580
1250
1566
915
865
1194
863
708
1540
1023
827
1317
803
1539
830
1519
1182
1395
1037
1269
1063
769
1365
1093
1049
1469
1343
794
1238
913
708
1281
1075
1126
1038
713
1427
1216
1344
1193
1249
1064
743
1404
1158
1134
1205
715
1215
1263
1216
1152
1139
716
1517
1326
973
1053
884
1247
1264
1497
1169
837
1509
784
728
1464
697
1470
770
1268
1369
1470
831
1191
779
1406
1356
1535
713
874
1126
1521
901
1488
840
1402
1237
1286
784
1150
1290
1067
1514
1468
901
859
1190
1558
1122
1439
1164
886
1157
935
963
1130
908
1354
920
1119
1470
922
961
1352
1061
1294
1513
762
827
1175
1269
1061
1259
970
1136
1188
1062
1156
1394
1531
1432
1206
1340
825
787
1142
892
1143
758
1271
1236
1098
1440
1423
1313
1389
938
1094
1166
1018
1232
973
1116
970
1278
1238
829
1350
688
849
1073
1364
930
1324
685
1162
1310
1364
731
1102
1455
1513
762
1200
1444
1243
1552
1246
782
845
1305
1279
1375
964
1038
947
5 100
20 15 30 80 100
3 1 
2 2 2 
3 5 
3 2 1
9 10 
3 2 3 1 7 2 2 4 2
979
1409
778
1271
768
862
1510
685
765
1419
955
833
1381
863
929
1142
718
1068
1011
1094
1056
882
1190
1370
785
1570
1010
1522
1365
780
1330
1008
690
1289
799
1322
1460
899
1416
1350
971
1062
1560
770
1086
1262
1515
1497
786
1115
1277
1171
1125
1208
1372
1310
692
1378
901
784
1445
1281
864
1153
800
1442
910
720
1116
843
689
1229
1062
1555
1188
1452
1011
981
972
962
1428
1217
736
1249
1389
1192
1134
1539
1503
1389
1581
1264
923
858
1315
835
902
1239
1557
1563
1289
1213
992
1010
1188
1126
1201
1427
819
1323
1260
1507
731
870
902
682
928
940
1343
1101
742
956
679
711
918
812
969
1180
1265
969
956
1480
1561
1130
743
1546
941
876
1158
1503
1567
1511
821
1105
1095
1028
913
1509
1187
896
760
991
904
1046
703
1004
1338
1272
1177
908
1053
1459
1498
1181
1419
819
1298
774
974
984
703
1386
1368
1103
700
1132
1080
790
1018
1299
1485
1285
1423
1411
1070
924
857
1344
1384
868
1320
1321
1363
1041
1504
687
754
1062
1063
920
1172
837
1470
1007
1089
924
717
923
1463
920
1372
1283
1274
1355
682
805
1531
1141
1192
938
1137
1098
957
1016
1391
1004
723
1294
1486
974
1218
1035
1579
923
1020
979
1432
1288
1445
1307
1056
1250
732
1163
857
1376
1377
1144
1092
1568
1524
990
1401
1182
1268
1200
1393
771
753
1048
870
1427
956
1563
1474
1039
1495
1114
1352
1360
1297
802
1062
1449
1450
1099
691
1296
783
967
804
1207
1206
1056
992
1343
788
786
1165
1551
1101
1331
681
693
1417
828
1268
1046
907
1309
1008
692
1165
1292
1227
968
1404
717
1233
819
1227
1370
888
1291
1488
1373
1022
1433
1198
1287
1244
693
1484
1577
1079
1193
1182
1433
1344
1028
1477
1517
932
1002
1260
1386
1001
776
1185
1120
676
1110
1508
1108
1576
1265
1585
713
1499
1356
1174
1452
922
945
1082
857
784
1196
1054
1184
1139
1376
1243
1155
1564
1115
1472
750
895
954
1146
1061
799
1538
819
1148
705
1176
1431
1117
1480
1517
812
968
701
854
1038
751
1019
843
985
1034
708
1073
1270
836
843
947
1217
1332
871
794
893
1272
1017
905
1475
1484
1289
839
721
1401
883
1455
1190
1168
1151
1342
780
1062
1000
1162
801
902
1432
975
1372
1484
1157
1368
680
1304
1015
1126
934
1545
865
918
1243
1188
1028
801
751
1297
1381
1392
870
1523
1341
774
1523
1421
781
1470
839
1039
887
1092
909
1359
683
1343
1364
977
1448
1449
862
1133
982
1048
1067
1528
1196
1360
1559
1114
1060
688
774
879
1492
787
1089
1101
1038
1477
1472
1002
1130
1158
1551
830
1243
1083
1469
1259
834
894
812
1209
1238
1284
1171
1036
679
757
1536
1520
1031
1402
1257
855
1268
675
1400
1447
1582
1229
1347
1028
691
963
741
1481
1389
1119
1550
1276
1353
1104
1359
1582
1453
1576
1061
1234
1406
846
1216
950
709
1017
697
1568
1150
1510
1510
1021
1223
960
1261
1429
1056
758
788
957
1141
1101
884
1208
693
1132
738
912
1425
997
752
977
1280
887
1057
1200
1200
1452
906
1385
978
768
1492
1309
1349
1524
931
1006
1011
852
1123
1436
759
997
1367
865
812
1210
1134
1107
1556
988
1237
1549
778
811
698
798
1057
915
1281
857
1503
764
1161
926
1415
1370
1319
1227
1178
1359
1037
1536
726
1543
1157
771
1532
1096
1282
679
1512
1067
1172
1245
887
702
698
1294
1370
927
1414
1005
1323
1059
1092
1100
1096
1544
914
1331
1396
1446
938
684
830
1073
909
766
1290
1179
1033
1465
1211
1079
800
1316
1375
1410
1338
1028
744
1524
1481
1231
854
1574
1289
926
947
1510
1492
1016
1416
796
1190
768
725
735
1441
1259
703
743
1382
733
694
753
1383
1094
684
860
1065
1135
953
889
1432
1230
1241
953
1252
1091
754
890
1117
951
1295
784
759
1565
1200
777
1148
807
976
1173
1032
1325
1448
801
1350
1567
1138
989
1461
751
887
1582
1278
708
738
839
1368
1352
749
1402
730
974
1520
1280
1373
918
776
1498
1530
960
1004
1519
1256
737
1055
767
1026
1243
709
738
1274
1101
1388
845
1232
748
773
1038
870
828
1211
1210
1579
1442
1220
1235
703
1408
1155
951
1253
730
1288
1421
933
1369
1497
1459
943
975
1511
1580
1250
1566
915
865
1194
863
708
1540
1023
827
1317
803
1539
830
1519
1182
1395
1037
1269
1063
769
1365
1093
1049
1469
1343
794
1238
913
708
1281
1075
1126
1038
713
1427
1216
1344
1193
1249
1064
743
1404
1158
1134
1205
715
1215
1263
1216
1152
1139
716
1517
1326
973
1053
884
1247
1264
1497
1169
837
1509
784
728
1464
697
1470
770
1268
1369
1470
831
1191
779
1406
1356
1535
713
874
1126
1521
901
1488
840
1402
1237
1286
784
1150
1290
1067
1514
1468
901
859
1190
1558
1122
1439
1164
886
1157
935
963
1130
908
1354
920
1119
1470
922
961
1352
1061
1294
1513
762
827
1175
1269
1061
1259
970
1136
1188
1062
1156
1394
1531
1432
1206
1340
825
787
1142
892
1143
758
1271
1236
1098
1440
1423
1313
1389
938
1094
1166
1018
1232
973
1116
970
1278
1238
829
1350
688
849
1073
1364
930
1324
685
1162
1310
1364
731
1102
1455
1513
762
1200
1444
1243
1552
1246
782
845
1305
1279
1375
964
1038
947
5 100
20 15 30 80 100
3 1 
2 2 2 
3 5 
3 2 1
9 10 
3 2 3 1 7 2 2 4 2
979
1409
778
1271
768
862
1510
685
765
1419
955
833
1381
863
929
1142
718
1068
1011
1094
1056
882
1190
1370
785
1570
1010
1522
1365
780
1330
1008
690
1289
799
1322
1460
899
1416
1350
971
1062
1560
770
1086
1262
1515
1497
786
1115
1277
1171
1125
1208
1372
1310
692
1378
901
784
1445
1281
864
1153
800
1442
910
720
1116
843
689
1229
1062
1555
1188
1452
1011
981
972
962
1428
1217
736
1249
1389
1192
1134
1539
1503
1389
1581
1264
923
858
1315
835
902
1239
1557
1563
1289
1213
992
1010
1188
1126
1201
1427
819
1323
1260
1507
731
870
902
682
928
940
1343
1101
742
956
679
711
918
812
969
1180
1265
969
956
1480
1561
1130
743
1546
941
876
1158
1503
1567
1511
821
1105
1095
1028
913
1509
1187
896
760
991
904
1046
703
1004
1338
1272
1177
908
1053
1459
1498
1181
1419
819
1298
774
974
984
703
1386
1368
1103
700
1132
1080
790
1018
1299
1485
1285
1423
1411
1070
924
857
1344
1384
868
1320
1321
1363
1041
1504
687
754
1062
1063
920
1172
837
1470
1007
1089
924
717
923
1463
920
1372
1283
1274
1355
682
805
1531
1141
1192
938
1137
1098
957
1016
1391
1004
723
1294
1486
974
1218
1035
1579
923
1020
979
1432
1288
1445
1307
1056
1250
732
1163
857
1376
1377
1144
1092
1568
1524
990
1401
1182
1268
1200
1393
771
753
1048
870
1427
956
1563
1474
1039
1495
1114
1352
1360
1297
802
1062
1449
1450
1099
691
1296
783
967
804
1207
1206
1056
992
1343
788
786
1165
1551
1101
1331
681
693
1417
828
1268
1046
907
1309
1008
692
1165
1292
1227
968
1404
717
1233
819
1227
1370
888
1291
1488
1373
1022
1433
1198
1287
1244
693
1484
1577
1079
1193
1182
1433
1344
1028
1477
1517
932
1002
1260
1386
1001
776
1185
1120
676
1110
1508
1108
1576
1265
1585
713
1499
1356
1174
1452
922
945
1082
857
784
1196
1054
1184
1139
1376
1243
1155
1564
1115
1472
750
895
954
1146
1061
799
1538
819
1148
705
1176
1431
1117
1480
1517
812
968
701
854
1038
751
1019
843
985
1034
708
1073
1270
836
843
947
1217
1332
871
794
893
1272
1017
905
1475
1484
1289
839
721
1401
883
1455
1190
1168
1151
1342
780
1062
1000
1162
801
902
1432
975
1372
1484
1157
1368
680
1304
1015
1126
934
1545
865
918
1243
1188
1028
801
751
1297
1381
1392
870
1523
1341
774
1523
1421
781
1470
839
1039
887
1092
909
1359
683
1343
1364
977
1448
1449
862
1133
982
1048
1067
1528
1196
1360
1559
1114
1060
688
774
879
1492
787
1089
1101
1038
1477
1472
1002
1130
1158
1551
830
1243
1083
1469
1259
834
894
812
1209
1238
1284
1171
1036
679
757
1536
1520
1031
1402
1257
855
1268
675
1400
1447
1582
1229
1347
1028
691
963
741
1481
1389
1119
1550
1276
1353
1104
1359
1582
1453
1576
1061
1234
1406
846
1216
950
709
1017
697
1568
1150
1510
1510
1021
1223
960
1261
1429
1056
758
788
957
1141
1101
884
1208
693
1132
738
912
1425
997
752
977
1280
887
1057
1200
1200
1452
906
1385
978
768
1492
1309
1349
1524
931
1006
1011
852
1123
1436
759
997
1367
865
812
1210
1134
1107
1556
988
1237
1549
778
811
698
798
1057
915
1281
857
1503
764
1161
926
1415
1370
1319
1227
1178
1359
1037
1536
726
1543
1157
771
1532
1096
1282
679
1512
1067
1172
1245
887
702
698
1294
1370
927
1414
1005
1323
1059
1092
1100
1096
1544
914
1331
1396
1446
938
684
830
1073
909
766
1290
1179
1033
1465
1211
1079
800
1316
1375
1410
1338
1028
744
1524
1481
1231
854
1574
1289
926
947
1510
1492
1016
1416
796
1190
768
725
735
1441
1259
703
743
1382
733
694
753
1383
1094
684
860
1065
1135
953
889
1432
1230
1241
953
1252
1091
754
890
1117
951
1295
784
759
1565
1200
777
1148
807
976
1173
1032
1325
1448
801
1350
1567
1138
989
1461
751
887
1582
1278
708
738
839
1368
1352
749
1402
730
974
1520
1280
1373
918
776
1498
1530
960
1004
1519
1256
737
1055
767
1026
1243
709
738
1274
1101
1388
845
1232
748
773
1038
870
828
1211
1210
1579
1442
1220
1235
703
1408
1155
951
1253
730
1288
1421
933
1369
1497
1459
943
975
1511
1580
1250
1566
915
865
1194
863
708
1540
1023
827
1317
803
1539
830
1519
1182
1395
1037
1269
1063
769
1365
1093
1049
1469
1343
794
1238
913
708
1281
1075
1126
1038
713
1427
1216
1344
1193
1249
1064
743
1404
1158
1134
1205
715
1215
1263
1216
1152
1139
716
1517
1326
973
1053
884
1247
1264
1497
1169
837
1509
784
728
1464
697
1470
770
1268
1369
1470
831
1191
779
1406
1356
1535
713
874
1126
1521
901
1488
840
1402
1237
1286
784
1150
1290
1067
1514
1468
901
859
1190
1558
1122
1439
1164
886
1157
935
963
1130
908
1354
920
1119
1470
922
961
1352
1061
1294
1513
762
827
1175
1269
1061
1259
970
1136
1188
1062
1156
1394
1531
1432
1206
1340
825
787
1142
892
1143
758
1271
1236
1098
1440
1423
1313
1389
938
1094
1166
1018
1232
973
1116
970
1278
1238
829
1350
688
849
1073
1364
930
1324
685
1162
1310
1364
731
1102
1455
1513
762
1200
1444
1243
1552
1246
782
845
1305
1279
1375
964
1038
947
5 100
20 15 30 80 100
3 1 
2 2 2 
3 5 
3 2 1
9 10 
3 2 3 1 7 2 2 4 2
979
1409
778
1271
768
862
1510
685
765
1419
955
833
1381
863
929
1142
718
1068
1011
1094
1056
882
1190
1370
785
1570
1010
1522
1365
780
1330
1008
690
1289
799
1322
1460
899
1416
1350
971
1062
1560
770
1086
1262
1515
1497
786
1115
1277
1171
1125
1208
1372
1310
692
1378
901
784
1445
1281
864
1153
800
1442
910
720
1116
843
689
1229
1062
1555
1188
1452
1011
981
972
962
1428
1217
736
1249
1389
1192
1134
1539
1503
1389
1581
1264
923
858
1315
835
902
1239
1557
1563
1289
1213
992
1010
1188
1126
1201
1427
819
1323
1260
1507
731
870
902
682
928
940
1343
1101
742
956
679
711
918
812
969
1180
1265
969
956
1480
1561
1130
743
1546
941
876
1158
1503
1567
1511
821
1105
1095
1028
913
1509
1187
896
760
991
904
1046
703
1004
1338
1272
1177
908
1053
1459
1498
1181
1419
819
1298
774
974
984
703
1386
1368
1103
700
1132
1080
790
1018
1299
1485
1285
1423
1411
1070
924
857
1344
1384
868
1320
1321
1363
1041
1504
687
754
1062
1063
920
1172
837
1470
1007
1089
924
717
923
1463
920
1372
1283
1274
1355
682
805
1531
1141
1192
938
1137
1098
957
1016
1391
1004
723
1294
1486
974
1218
1035
1579
923
1020
979
1432
1288
1445
1307
1056
1250
732
1163
857
1376
1377
1144
1092
1568
1524
990
1401
1182
1268
1200
1393
771
753
1048
870
1427
956
1563
1474
1039
1495
1114
1352
1360
1297
802
1062
1449
1450
1099
691
1296
783
967
804
1207
1206
1056
992
1343
788
786
1165
1551
1101
1331
681
693
1417
828
1268
1046
907
1309
1008
692
1165
1292
1227
968
1404
717
1233
819
1227
1370
888
1291
1488
1373
1022
1433
1198
1287
1244
693
1484
1577
1079
1193
1182
1433
1344
1028
1477
1517
932
1002
1260
1386
1001
776
1185
1120
676
1110
1508
1108
1576
1265
1585
713
1499
1356
1174
1452
922
945
1082
857
784
1196
1054
1184
1139
1376
1243
1155
1564
1115
1472
750
895
954
1146
1061
799
1538
819
1148
705
1176
1431
1117
1480
1517
812
968
701
854
1038
751
1019
843
985
1034
708
1073
1270
836
843
947
1217
1332
871
794
893
1272
1017
905
1475
1484
1289
839
721
1401
883
1455
1190
1168
1151
1342
780
1062
1000
1162
801
902
1432
975
1372
1484
1157
1368
680
1304
1015
1126
934
1545
865
918
1243
1188
1028
801
751
1297
1381
1392
870
1523
1341
774
1523
1421
781
1470
839
1039
887
1092
909
1359
683
1343
1364
977
1448
1449
862
1133
982
1048
1067
1528
1196
1360
1559
1114
1060
688
774
879
1492
787
1089
1101
1038
1477
1472
1002
1130
1158
1551
830
1243
1083
1469
1259
834
894
812
1209
1238
1284
1171
1036
679
757
1536
1520
1031
1402
1257
855
1268
675
1400
1447
1582
1229
1347
1028
691
963
741
1481
1389
1119
1550
1276
1353
1104
1359
1582
1453
1576
1061
1234
1406
846
1216
950
709
1017
697
1568
1150
1510
1510
1021
1223
960
1261
1429
1056
758
788
957
1141
1101
884
1208
693
1132
738
912
1425
997
752
977
1280
887
1057
1200
1200
1452
906
1385
978
768
1492
1309
1349
1524
931
1006
1011
852
1123
1436
759
997
1367
865
812
1210
1134
1107
1556
988
1237
1549
778
811
698
798
1057
915
1281
857
1503
764
1161
926
1415
1370
1319
1227
1178
1359
1037
1536
726
1543
1157
771
1532
1096
1282
679
1512
1067
1172
1245
887
702
698
1294
1370
927
1414
1005
1323
1059
1092
1100
1096
1544
914
1331
1396
1446
938
684
830
1073
909
766
1290
1179
1033
1465
1211
1079
800
1316
1375
1410
1338
1028
744
1524
1481
1231
854
1574
1289
926
947
1510
1492
1016
1416
796
1190
768
725
735
1441
1259
703
743
1382
733
694
753
1383
1094
684
860
1065
1135
953
889
1432
1230
1241
953
1252
1091
754
890
1117
951
1295
784
759
1565
1200
777
1148
807
976
1173
1032
1325
1448
801
1350
1567
1138
989
1461
751
887
1582
1278
708
738
839
1368
1352
749
1402
730
974
1520
1280
1373
918
776
1498
1530
960
1004
1519
1256
737
1055
767
1026
1243
709
738
1274
1101
1388
845
1232
748
773
1038
870
828
1211
1210
1579
1442
1220
1235
703
1408
1155
951
1253
730
1288
1421
933
1369
1497
1459
943
975
1511
1580
1250
1566
915
865
1194
863
708
1540
1023
827
1317
803
1539
830
1519
1182
1395
1037
1269
1063
769
1365
1093
1049
1469
1343
794
1238
913
708
1281
1075
1126
1038
713
1427
1216
1344
1193
1249
1064
743
1404
1158
1134
1205
715
1215
1263
1216
1152
1139
716
1517
1326
973
1053
884
1247
1264
1497
1169
837
1509
784
728
1464
697
1470
770
1268
1369
1470
831
1191
779
1406
1356
1535
713
874
1126
1521
901
1488
840
1402
1237
1286
784
1150
1290
1067
1514
1468
901
859
1190
1558
1122
1439
1164
886
1157
935
963
1130
908
1354
920
1119
1470
922
961
1352
1061
1294
1513
762
827
1175
1269
1061
1259
970
1136
1188
1062
1156
1394
1531
1432
1206
1340
825
787
1142
892
1143
758
1271
1236
1098
1440
1423
1313
1389
938
1094
1166
1018
1232
973
1116
970
1278
1238
829
1350
688
849
1073
1364
930
1324
685
1162
1310
1364
731
1102
1455
1513
762
1200
1444
1243
1552
1246
782
845
1305
1279
1375
964
1038
947
