5
31 41 59
26 53 58
97 93 23
84 62 64
33 83 27
1
1 1 1
3
30 20 10
60 50 40
70 80 90
5
31 41 59
26 53 58
97 93 23
84 62 64
33 83 27
29
2548 9737 3738 
6237 4187 1954 
5504 5539 4346 
8992 8020 5745 
3995 2089 3670 
3586 975 9300 
1942 7541 5756 
2725 9399 8130 
2942 7670 6850 
7991 4112 8084 
2886 5831 5424 
5670 2174 7325 
7490 4953 5333 
7077 9555 4355 
4831 4896 7292 
4887 2753 6514 
4044 4323 1197 
1520 8240 2783 
5896 3141 6483 
2957 7779 1517 
6590 1572 7468 
8941 3683 3982 
169 1954 7309 
4353 3354 4306 
7439 4335 5526 
7563 6249 9593 
4494 5092 5726 
3601 6730 5749 
3821 4194 711 
6 
15 19 3 
44 33 21 
88 33 57 
31 29 20 
99 88 1 
52 26 5 
3
10 20 30
40 50 60
70 80 90
0