1000
2.3453
5
5.5
30.25
3.3333
5.234
10.3422
2324.232
34.2341
1.2123
2.3212
2.3332
2.312
32.3233
12.2222
3.2312
2.2312
2.3213
1.1111
2
2.3453
5
5.5
30.25
3.3333
5.234
10.3422
2324.232
34.2341
1.2123
2.3212
2.3332
2.312
32.3233
12.2222
3.2312
2.23123
2.3213
1.1111
2
2.3453
5
5.5
30.25
3.3333
5.234
10.3422
2324.232
34.2341
1.2123
2.3212
2.3332
2.312
32.3233
12.2222
3.2312
2.23123
2.3213
1.1111
2
2.3453
5
5.5
30.25
3.3333
5.234
10.3422
2324.232
34.2341
1.2123
2.3212
2.3332
2.312
32.3233
12.2222
3.2312
2.23123
2.3213
1.1111
2
2.3453
5
5.5
30.25
3.3333
5.234
10.3422
2324.232
34.2341
1.2123
2.3212
2.3332
2.312
32.3233
12.2222
3.2312
2.23123
2.3213
1.1111
2
2.3453
5
5.5
30.25
3.3333
5.234
10.3422
2324.232
34.2341
1.2123
2.3212
2.3332
2.312
32.3233
12.2222
3.2312
2.23123
2.3213
1.1111
2
2.3453
5
5.5
30.25
3.3333
5.234
10.3422
2324.232
34.2341
1.2123
2.3212
2.3332
2.312
32.3233
12.2222
3.2312
2.23123
2.3213
1.1111
2
2.3453
5
5.5
30.25
3.3333
5.234
10.3422
2324.232
34.2341
1.2123
2.3212
2.3332
2.312
32.3233
12.2222
3.2312
2.23123
2.3213
1.1111
2
2.3453
5
5.5
30.25
3.3333
5.234
10.3422
2324.232
34.2341
1.2123
2.3212
2.3332
2.312
32.3233
12.2222
3.2312
2.23123
2.3213
1.1111
2
2.3453
5
5.5
30.25
3.3333
5.234
10.3422
2324.232
34.2341
1.2123
2.3212
2.3332
2.312
32.3233
12.2222
3.2312
2.23123
2.3213
1.1111
2
2.3453
5
5.5
30.25
3.3333
5.234
10.3422
2324.232
34.2341
1.2123
2.3212
2.3332
2.312
32.3233
12.2222
3.2312
2.23123
2.3213
1.1111
2
2.3453
5
5.5
30.25
3.3333
5.234
10.3422
2324.232
34.2341
1.2123
2.3212
2.3332
2.312
32.3233
12.2222
3.2312
2.23123
2.3213
1.1111
2
2.3453
5
5.5
30.25
3.3333
5.234
10.3422
2324.232
34.2341
1.2123
2.3212
2.3332
2.312
32.3233
12.2222
3.2312
2.23123
2.3213
1.1111
2
2.3453
5
5.5
30.25
3.3333
5.234
10.3422
2324.232
34.2341
1.2123
2.3212
2.3332
2.312
32.3233
12.2222
3.2312
2.23123
2.3213
1.1111
2
2.3453
5
5.5
30.25
3.3333
5.234
10.3422
2324.232
34.2341
1.2123
2.3212
2.3332
2.312
32.3233
12.2222
3.2312
2.23123
2.3213
1.1111
2
2.3453
5
5.5
30.25
3.3333
5.234
10.3422
2324.232
34.2341
1.2123
2.3212
2.3332
2.312
32.3233
12.2222
3.2312
2.23123
2.3213
1.1111
2
2.3453
5
5.5
30.25
3.3333
5.234
10.3422
2324.232
34.2341
1.2123
2.3212
2.3332
2.312
32.3233
12.2222
3.2312
2.23123
2.3213
1.1111
2
2.3453
5
5.5
30.25
3.3333
5.234
10.3422
2324.232
34.2341
1.2123
2.3212
2.3332
2.312
32.3233
12.2222
3.2312
2.23123
2.3213
1.1111
2
2.3453
5
5.5
30.25
3.3333
5.234
10.3422
2324.232
34.2341
1.2123
2.3212
2.3332
2.312
32.3233
12.2222
3.2312
2.23123
2.3213
1.1111
2
2.3453
5
5.5
30.25
3.3333
5.234
10.3422
2324.232
34.2341
1.2123
2.3212
2.3332
2.312
32.3233
12.2222
3.2312
2.23123
2.3213
1.1111
2
2.3453
5
5.5
30.25
3.3333
5.234
10.3422
2324.232
34.2341
1.2123
2.3212
2.3332
2.312
32.3233
12.2222
3.2312
2.23123
2.3213
1.1111
2
2.3453
5
5.5
30.25
3.3333
5.234
10.3422
2324.232
34.2341
1.2123
2.3212
2.3332
2.312
32.3233
12.2222
3.2312
2.23123
2.3213
1.1111
2
2.3453
5
5.5
30.25
3.3333
5.234
10.3422
2324.232
34.2341
1.2123
2.3212
2.3332
2.312
32.3233
12.2222
3.2312
2.23123
2.3213
1.1111
2
2.3453
5
5.5
30.25
3.3333
5.234
10.3422
2324.232
34.2341
1.2123
2.3212
2.3332
2.312
32.3233
12.2222
3.2312
2.23123
2.3213
1.1111
2
2.3453
5
5.5
30.25
3.3333
5.234
10.3422
2324.232
34.2341
1.2123
2.3212
2.3332
2.312
32.3233
12.2222
3.2312
2.23123
2.3213
1.1111
2
2.3453
5
5.5
30.25
3.3333
5.234
10.3422
2324.232
34.2341
1.2123
2.3212
2.3332
2.312
32.3233
12.2222
3.2312
2.23123
2.3213
1.1111
2
2.3453
5
5.5
30.25
3.3333
5.234
10.3422
2324.232
34.2341
1.2123
2.3212
2.3332
2.312
32.3233
12.2222
3.2312
2.23123
2.3213
1.1111
2
2.3453
5
5.5
30.25
3.3333
5.234
10.3422
2324.232
34.2341
1.2123
2.3212
2.3332
2.312
32.3233
12.2222
3.2312
2.23123
2.3213
1.1111
2
2.3453
5
5.5
30.25
3.3333
5.234
10.3422
2324.232
34.2341
1.2123
2.3212
2.3332
2.312
32.3233
12.2222
3.2312
2.23123
2.3213
1.1111
2
2.3453
5
5.5
30.25
3.3333
5.234
10.3422
2324.232
34.2341
1.2123
2.3212
2.3332
2.312
32.3233
12.2222
3.2312
2.23123
2.3213
1.1111
2
2.3453
5
5.5
30.25
3.3333
5.234
10.3422
2324.232
34.2341
1.2123
2.3212
2.3332
2.312
32.3233
12.2222
3.2312
2.23123
2.3213
1.1111
2
2.3453
5
5.5
30.25
3.3333
5.234
10.3422
2324.232
34.2341
1.2123
2.3212
2.3332
2.312
32.3233
12.2222
3.2312
2.23123
2.3213
1.1111
2
2.3453
5
5.5
30.25
3.3333
5.234
10.3422
2324.232
34.2341
1.2123
2.3212
2.3332
2.312
32.3233
12.2222
3.2312
2.23123
2.3213
1.1111
2
2.3453
5
5.5
30.25
3.3333
5.234
10.3422
2324.232
34.2341
1.2123
2.3212
2.3332
2.312
32.3233
12.2222
3.2312
2.23123
2.3213
1.1111
2
2.3453
5
5.5
30.25
3.3333
5.234
10.3422
2324.232
34.2341
1.2123
2.3212
2.3332
2.312
32.3233
12.2222
3.2312
2.23123
2.3213
1.1111
2
2.3453
5
5.5
30.25
3.3333
5.234
10.3422
2324.232
34.2341
1.2123
2.3212
2.3332
2.312
32.3233
12.2222
3.2312
2.23123
2.3213
1.1111
2
2.3453
5
5.5
30.25
3.3333
5.234
10.3422
2324.232
34.2341
1.2123
2.3212
2.3332
2.312
32.3233
12.2222
3.2312
2.23123
2.3213
1.1111
2
2.3453
5
5.5
30.25
3.3333
5.234
10.3422
2324.232
34.2341
1.2123
2.3212
2.3332
2.312
32.3233
12.2222
3.2312
2.23123
2.3213
1.1111
2
2.3453
5
5.5
30.25
3.3333
5.234
10.3422
2324.232
34.2341
1.2123
2.3212
2.3332
2.312
32.3233
12.2222
3.2312
2.23123
2.3213
1.1111
2
2.3453
5
5.5
30.25
3.3333
5.234
10.3422
2324.232
34.2341
1.2123
2.3212
2.3332
2.312
32.3233
12.2222
3.2312
2.23123
2.3213
1.1111
2
2.3453
5
5.5
30.25
3.3333
5.234
10.3422
2324.232
34.2341
1.2123
2.3212
2.3332
2.312
32.3233
12.2222
3.2312
2.23123
2.3213
1.1111
2
2.3453
5
5.5
30.25
3.3333
5.234
10.3422
2324.232
34.2341
1.2123
2.3212
2.3332
2.312
32.3233
12.2222
3.2312
2.23123
2.3213
1.1111
2
2.3453
5
5.5
30.25
3.3333
5.234
10.3422
2324.232
34.2341
1.2123
2.3212
2.3332
2.312
32.3233
12.2222
3.2312
2.23123
2.3213
1.1111
2
2.3453
5
5.5
30.25
3.3333
5.234
10.3422
2324.232
34.2341
1.2123
2.3212
2.3332
2.312
32.3233
12.2222
3.2312
2.23123
2.3213
1.1111
2
2.3453
5
5.5
30.25
3.3333
5.234
10.3422
2324.232
34.2341
1.2123
2.3212
2.3332
2.312
32.3233
12.2222
3.2312
2.23123
2.3213
1.1111
2
2.3453
5
5.5
30.25
3.3333
5.234
10.3422
2324.232
34.2341
1.2123
2.3212
2.3332
2.312
32.3233
12.2222
3.2312
2.23123
2.3213
1.1111
2
2.3453
5
5.5
30.25
3.3333
5.234
10.3422
2324.232
34.2341
1.2123
2.3212
2.3332
2.312
32.3233
12.2222
3.2312
2.23123
2.3213
1.1111
2
2.3453
5
5.5
30.25
3.3333
5.234
10.3422
2324.232
34.2341
1.2123
2.3212
2.3332
2.312
32.3233
12.2222
3.2312
2.23123
2.3213
1.1111
2
2.3453
5
5.5
30.25
3.3333
5.234
10.3422
2324.232
34.2341
1.2123
2.3212
2.3332
2.312
32.3233
12.2222
3.2312
2.23123
2.3213
1.1111
2
2.3453
5
5.5
30.25 	
3.3333
5.234
10.3422
2324.232
34.2341
1.2123
2.3212
2.3332
2.312
32.3233
12.2222
3.2312
2.2312
2.3213
1.1111
2