100 100
23 5 6 2 3 6 46 23 5 67 23 5 6 2 3 6 46 23 5 67 23 5 6 2 3 6 46 23 5 67 23 5 6 2 3 6 46 23 5 67 23 5 6 2 3 6 46 23 5 67 23 5 6 2 3 6 46 23 5 67 23 5 6 2 3 6 46 23 5 67 23 5 6 2 3 6 46 23 5 67 23 5 6 2 3 6 46 23 5 67 23 5 6 2 3 6 46 23 5 67
21 56 64 23 45 23 56 23 5 2 21 56 64 23 45 23 56 23 5 2 21 56 64 23 45 23 56 23 5 2 21 56 64 23 45 23 56 23 5 2 21 56 64 23 45 23 56 23 5 2 21 56 64 23 45 23 56 23 5 2 21 56 64 23 45 23 56 23 5 2 21 56 64 23 45 23 56 23 5 2 21 56 64 23 45 23 56 23 5 2 21 56 64 23 45 23 56 23 5 2
6 2 56 23 7 87 23 6 3 6 6 2 56 23 7 87 23 6 3 6 6 2 56 23 7 87 23 6 3 6 6 2 56 23 7 87 23 6 3 6 6 2 56 23 7 87 23 6 3 6 6 2 56 23 7 87 23 6 3 6 6 2 56 23 7 87 23 6 3 6 6 2 56 23 7 87 23 6 3 6 6 2 56 23 7 87 23 6 3 6 6 2 56 23 7 87 23 6 3 6
12 5 34 65 32 34 6 34 6 8 12 5 34 65 32 34 6 34 6 8 12 5 34 65 32 34 6 34 6 8 12 5 34 65 32 34 6 34 6 8 12 5 34 65 32 34 6 34 6 8 12 5 34 65 32 34 6 34 6 8 12 5 34 65 32 34 6 34 6 8 12 5 34 65 32 34 6 34 6 8 12 5 34 65 32 34 6 34 6 8 12 5 34 65 32 34 6 34 6 8
34 65 23 53 46 2 5 1 45 6 34 65 23 53 46 2 5 1 45 6 34 65 23 53 46 2 5 1 45 6 34 65 23 53 46 2 5 1 45 6 34 65 23 53 46 2 5 1 45 6 34 65 23 53 46 2 5 1 45 6 34 65 23 53 46 2 5 1 45 6 34 65 23 53 46 2 5 1 45 6 34 65 23 53 46 2 5 1 45 6 34 65 23 53 46 2 5 1 45 6
3 5 2 5 23 5 43 5 4 3 3 5 2 5 23 5 43 5 4 3 3 5 2 5 23 5 43 5 4 3 3 5 2 5 23 5 43 5 4 3 3 5 2 5 23 5 43 5 4 3 3 5 2 5 23 5 43 5 4 3 3 5 2 5 23 5 43 5 4 3 3 5 2 5 23 5 43 5 4 3 3 5 2 5 23 5 43 5 4 3 3 5 2 5 23 5 43 5 4 3
34 6 2 8 9 6 5 3 5 6 34 6 2 8 9 6 5 3 5 6 34 6 2 8 9 6 5 3 5 6 34 6 2 8 9 6 5 3 5 6 34 6 2 8 9 6 5 3 5 6 34 6 2 8 9 6 5 3 5 6 34 6 2 8 9 6 5 3 5 6 34 6 2 8 9 6 5 3 5 6 34 6 2 8 9 6 5 3 5 6 34 6 2 8 9 6 5 3 5 6
3 54 5 4 34 34 56 2 5 7 3 54 5 4 34 34 56 2 5 7 3 54 5 4 34 34 56 2 5 7 3 54 5 4 34 34 56 2 5 7 3 54 5 4 34 34 56 2 5 7 3 54 5 4 34 34 56 2 5 7 3 54 5 4 34 34 56 2 5 7 3 54 5 4 34 34 56 2 5 7 3 54 5 4 34 34 56 2 5 7 3 54 5 4 34 34 56 2 5 7
32 5 65 34 23 93 23 92 85 73 32 5 65 34 23 93 23 92 85 73 32 5 65 34 23 93 23 92 85 73 32 5 65 34 23 93 23 92 85 73 32 5 65 34 23 93 23 92 85 73 32 5 65 34 23 93 23 92 85 73 32 5 65 34 23 93 23 92 85 73 32 5 65 34 23 93 23 92 85 73 32 5 65 34 23 93 23 92 85 73 32 5 65 34 23 93 23 92 85 73
10 50 92 7 6 48 91 82 63 5 10 50 92 7 6 48 91 82 63 5 10 50 92 7 6 48 91 82 63 5 10 50 92 7 6 48 91 82 63 5 10 50 92 7 6 48 91 82 63 5 10 50 92 7 6 48 91 82 63 5 10 50 92 7 6 48 91 82 63 5 10 50 92 7 6 48 91 82 63 5 10 50 92 7 6 48 91 82 63 5 10 50 92 7 6 48 91 82 63 5
23 5 6 2 3 6 46 23 5 67 23 5 6 2 3 6 46 23 5 67 23 5 6 2 3 6 46 23 5 67 23 5 6 2 3 6 46 23 5 67 23 5 6 2 3 6 46 23 5 67 23 5 6 2 3 6 46 23 5 67 23 5 6 2 3 6 46 23 5 67 23 5 6 2 3 6 46 23 5 67 23 5 6 2 3 6 46 23 5 67 23 5 6 2 3 6 46 23 5 67
21 56 64 23 45 23 56 23 5 2 21 56 64 23 45 23 56 23 5 2 21 56 64 23 45 23 56 23 5 2 21 56 64 23 45 23 56 23 5 2 21 56 64 23 45 23 56 23 5 2 21 56 64 23 45 23 56 23 5 2 21 56 64 23 45 23 56 23 5 2 21 56 64 23 45 23 56 23 5 2 21 56 64 23 45 23 56 23 5 2 21 56 64 23 45 23 56 23 5 2
6 2 56 23 7 87 23 6 3 6 6 2 56 23 7 87 23 6 3 6 6 2 56 23 7 87 23 6 3 6 6 2 56 23 7 87 23 6 3 6 6 2 56 23 7 87 23 6 3 6 6 2 56 23 7 87 23 6 3 6 6 2 56 23 7 87 23 6 3 6 6 2 56 23 7 87 23 6 3 6 6 2 56 23 7 87 23 6 3 6 6 2 56 23 7 87 23 6 3 6
12 5 34 65 32 34 6 34 6 8 12 5 34 65 32 34 6 34 6 8 12 5 34 65 32 34 6 34 6 8 12 5 34 65 32 34 6 34 6 8 12 5 34 65 32 34 6 34 6 8 12 5 34 65 32 34 6 34 6 8 12 5 34 65 32 34 6 34 6 8 12 5 34 65 32 34 6 34 6 8 12 5 34 65 32 34 6 34 6 8 12 5 34 65 32 34 6 34 6 8
34 65 23 53 46 2 5 1 45 6 34 65 23 53 46 2 5 1 45 6 34 65 23 53 46 2 5 1 45 6 34 65 23 53 46 2 5 1 45 6 34 65 23 53 46 2 5 1 45 6 34 65 23 53 46 2 5 1 45 6 34 65 23 53 46 2 5 1 45 6 34 65 23 53 46 2 5 1 45 6 34 65 23 53 46 2 5 1 45 6 34 65 23 53 46 2 5 1 45 6
3 5 2 5 23 5 43 5 4 3 3 5 2 5 23 5 43 5 4 3 3 5 2 5 23 5 43 5 4 3 3 5 2 5 23 5 43 5 4 3 3 5 2 5 23 5 43 5 4 3 3 5 2 5 23 5 43 5 4 3 3 5 2 5 23 5 43 5 4 3 3 5 2 5 23 5 43 5 4 3 3 5 2 5 23 5 43 5 4 3 3 5 2 5 23 5 43 5 4 3
34 6 2 8 9 6 5 3 5 6 34 6 2 8 9 6 5 3 5 6 34 6 2 8 9 6 5 3 5 6 34 6 2 8 9 6 5 3 5 6 34 6 2 8 9 6 5 3 5 6 34 6 2 8 9 6 5 3 5 6 34 6 2 8 9 6 5 3 5 6 34 6 2 8 9 6 5 3 5 6 34 6 2 8 9 6 5 3 5 6 34 6 2 8 9 6 5 3 5 6
3 54 5 4 34 34 56 2 5 7 3 54 5 4 34 34 56 2 5 7 3 54 5 4 34 34 56 2 5 7 3 54 5 4 34 34 56 2 5 7 3 54 5 4 34 34 56 2 5 7 3 54 5 4 34 34 56 2 5 7 3 54 5 4 34 34 56 2 5 7 3 54 5 4 34 34 56 2 5 7 3 54 5 4 34 34 56 2 5 7 3 54 5 4 34 34 56 2 5 7
32 5 65 34 23 93 23 92 85 73 32 5 65 34 23 93 23 92 85 73 32 5 65 34 23 93 23 92 85 73 32 5 65 34 23 93 23 92 85 73 32 5 65 34 23 93 23 92 85 73 32 5 65 34 23 93 23 92 85 73 32 5 65 34 23 93 23 92 85 73 32 5 65 34 23 93 23 92 85 73 32 5 65 34 23 93 23 92 85 73 32 5 65 34 23 93 23 92 85 73
10 50 92 7 6 48 91 82 63 5 10 50 92 7 6 48 91 82 63 5 10 50 92 7 6 48 91 82 63 5 10 50 92 7 6 48 91 82 63 5 10 50 92 7 6 48 91 82 63 5 10 50 92 7 6 48 91 82 63 5 10 50 92 7 6 48 91 82 63 5 10 50 92 7 6 48 91 82 63 5 10 50 92 7 6 48 91 82 63 5 10 50 92 7 6 48 91 82 63 5
23 5 6 2 3 6 46 23 5 67 23 5 6 2 3 6 46 23 5 67 23 5 6 2 3 6 46 23 5 67 23 5 6 2 3 6 46 23 5 67 23 5 6 2 3 6 46 23 5 67 23 5 6 2 3 6 46 23 5 67 23 5 6 2 3 6 46 23 5 67 23 5 6 2 3 6 46 23 5 67 23 5 6 2 3 6 46 23 5 67 23 5 6 2 3 6 46 23 5 67
21 56 64 23 45 23 56 23 5 2 21 56 64 23 45 23 56 23 5 2 21 56 64 23 45 23 56 23 5 2 21 56 64 23 45 23 56 23 5 2 21 56 64 23 45 23 56 23 5 2 21 56 64 23 45 23 56 23 5 2 21 56 64 23 45 23 56 23 5 2 21 56 64 23 45 23 56 23 5 2 21 56 64 23 45 23 56 23 5 2 21 56 64 23 45 23 56 23 5 2
6 2 56 23 7 87 23 6 3 6 6 2 56 23 7 87 23 6 3 6 6 2 56 23 7 87 23 6 3 6 6 2 56 23 7 87 23 6 3 6 6 2 56 23 7 87 23 6 3 6 6 2 56 23 7 87 23 6 3 6 6 2 56 23 7 87 23 6 3 6 6 2 56 23 7 87 23 6 3 6 6 2 56 23 7 87 23 6 3 6 6 2 56 23 7 87 23 6 3 6
12 5 34 65 32 34 6 34 6 8 12 5 34 65 32 34 6 34 6 8 12 5 34 65 32 34 6 34 6 8 12 5 34 65 32 34 6 34 6 8 12 5 34 65 32 34 6 34 6 8 12 5 34 65 32 34 6 34 6 8 12 5 34 65 32 34 6 34 6 8 12 5 34 65 32 34 6 34 6 8 12 5 34 65 32 34 6 34 6 8 12 5 34 65 32 34 6 34 6 8
34 65 23 53 46 2 5 1 45 6 34 65 23 53 46 2 5 1 45 6 34 65 23 53 46 2 5 1 45 6 34 65 23 53 46 2 5 1 45 6 34 65 23 53 46 2 5 1 45 6 34 65 23 53 46 2 5 1 45 6 34 65 23 53 46 2 5 1 45 6 34 65 23 53 46 2 5 1 45 6 34 65 23 53 46 2 5 1 45 6 34 65 23 53 46 2 5 1 45 6
3 5 2 5 23 5 43 5 4 3 3 5 2 5 23 5 43 5 4 3 3 5 2 5 23 5 43 5 4 3 3 5 2 5 23 5 43 5 4 3 3 5 2 5 23 5 43 5 4 3 3 5 2 5 23 5 43 5 4 3 3 5 2 5 23 5 43 5 4 3 3 5 2 5 23 5 43 5 4 3 3 5 2 5 23 5 43 5 4 3 3 5 2 5 23 5 43 5 4 3
34 6 2 8 9 6 5 3 5 6 34 6 2 8 9 6 5 3 5 6 34 6 2 8 9 6 5 3 5 6 34 6 2 8 9 6 5 3 5 6 34 6 2 8 9 6 5 3 5 6 34 6 2 8 9 6 5 3 5 6 34 6 2 8 9 6 5 3 5 6 34 6 2 8 9 6 5 3 5 6 34 6 2 8 9 6 5 3 5 6 34 6 2 8 9 6 5 3 5 6
3 54 5 4 34 34 56 2 5 7 3 54 5 4 34 34 56 2 5 7 3 54 5 4 34 34 56 2 5 7 3 54 5 4 34 34 56 2 5 7 3 54 5 4 34 34 56 2 5 7 3 54 5 4 34 34 56 2 5 7 3 54 5 4 34 34 56 2 5 7 3 54 5 4 34 34 56 2 5 7 3 54 5 4 34 34 56 2 5 7 3 54 5 4 34 34 56 2 5 7
32 5 65 34 23 93 23 92 85 73 32 5 65 34 23 93 23 92 85 73 32 5 65 34 23 93 23 92 85 73 32 5 65 34 23 93 23 92 85 73 32 5 65 34 23 93 23 92 85 73 32 5 65 34 23 93 23 92 85 73 32 5 65 34 23 93 23 92 85 73 32 5 65 34 23 93 23 92 85 73 32 5 65 34 23 93 23 92 85 73 32 5 65 34 23 93 23 92 85 73
10 50 92 7 6 48 91 82 63 5 10 50 92 7 6 48 91 82 63 5 10 50 92 7 6 48 91 82 63 5 10 50 92 7 6 48 91 82 63 5 10 50 92 7 6 48 91 82 63 5 10 50 92 7 6 48 91 82 63 5 10 50 92 7 6 48 91 82 63 5 10 50 92 7 6 48 91 82 63 5 10 50 92 7 6 48 91 82 63 5 10 50 92 7 6 48 91 82 63 5
23 5 6 2 3 6 46 23 5 67 23 5 6 2 3 6 46 23 5 67 23 5 6 2 3 6 46 23 5 67 23 5 6 2 3 6 46 23 5 67 23 5 6 2 3 6 46 23 5 67 23 5 6 2 3 6 46 23 5 67 23 5 6 2 3 6 46 23 5 67 23 5 6 2 3 6 46 23 5 67 23 5 6 2 3 6 46 23 5 67 23 5 6 2 3 6 46 23 5 67
21 56 64 23 45 23 56 23 5 2 21 56 64 23 45 23 56 23 5 2 21 56 64 23 45 23 56 23 5 2 21 56 64 23 45 23 56 23 5 2 21 56 64 23 45 23 56 23 5 2 21 56 64 23 45 23 56 23 5 2 21 56 64 23 45 23 56 23 5 2 21 56 64 23 45 23 56 23 5 2 21 56 64 23 45 23 56 23 5 2 21 56 64 23 45 23 56 23 5 2
6 2 56 23 7 87 23 6 3 6 6 2 56 23 7 87 23 6 3 6 6 2 56 23 7 87 23 6 3 6 6 2 56 23 7 87 23 6 3 6 6 2 56 23 7 87 23 6 3 6 6 2 56 23 7 87 23 6 3 6 6 2 56 23 7 87 23 6 3 6 6 2 56 23 7 87 23 6 3 6 6 2 56 23 7 87 23 6 3 6 6 2 56 23 7 87 23 6 3 6
12 5 34 65 32 34 6 34 6 8 12 5 34 65 32 34 6 34 6 8 12 5 34 65 32 34 6 34 6 8 12 5 34 65 32 34 6 34 6 8 12 5 34 65 32 34 6 34 6 8 12 5 34 65 32 34 6 34 6 8 12 5 34 65 32 34 6 34 6 8 12 5 34 65 32 34 6 34 6 8 12 5 34 65 32 34 6 34 6 8 12 5 34 65 32 34 6 34 6 8
34 65 23 53 46 2 5 1 45 6 34 65 23 53 46 2 5 1 45 6 34 65 23 53 46 2 5 1 45 6 34 65 23 53 46 2 5 1 45 6 34 65 23 53 46 2 5 1 45 6 34 65 23 53 46 2 5 1 45 6 34 65 23 53 46 2 5 1 45 6 34 65 23 53 46 2 5 1 45 6 34 65 23 53 46 2 5 1 45 6 34 65 23 53 46 2 5 1 45 6
3 5 2 5 23 5 43 5 4 3 3 5 2 5 23 5 43 5 4 3 3 5 2 5 23 5 43 5 4 3 3 5 2 5 23 5 43 5 4 3 3 5 2 5 23 5 43 5 4 3 3 5 2 5 23 5 43 5 4 3 3 5 2 5 23 5 43 5 4 3 3 5 2 5 23 5 43 5 4 3 3 5 2 5 23 5 43 5 4 3 3 5 2 5 23 5 43 5 4 3
34 6 2 8 9 6 5 3 5 6 34 6 2 8 9 6 5 3 5 6 34 6 2 8 9 6 5 3 5 6 34 6 2 8 9 6 5 3 5 6 34 6 2 8 9 6 5 3 5 6 34 6 2 8 9 6 5 3 5 6 34 6 2 8 9 6 5 3 5 6 34 6 2 8 9 6 5 3 5 6 34 6 2 8 9 6 5 3 5 6 34 6 2 8 9 6 5 3 5 6
3 54 5 4 34 34 56 2 5 7 3 54 5 4 34 34 56 2 5 7 3 54 5 4 34 34 56 2 5 7 3 54 5 4 34 34 56 2 5 7 3 54 5 4 34 34 56 2 5 7 3 54 5 4 34 34 56 2 5 7 3 54 5 4 34 34 56 2 5 7 3 54 5 4 34 34 56 2 5 7 3 54 5 4 34 34 56 2 5 7 3 54 5 4 34 34 56 2 5 7
32 5 65 34 23 93 23 92 85 73 32 5 65 34 23 93 23 92 85 73 32 5 65 34 23 93 23 92 85 73 32 5 65 34 23 93 23 92 85 73 32 5 65 34 23 93 23 92 85 73 32 5 65 34 23 93 23 92 85 73 32 5 65 34 23 93 23 92 85 73 32 5 65 34 23 93 23 92 85 73 32 5 65 34 23 93 23 92 85 73 32 5 65 34 23 93 23 92 85 73
10 50 92 7 6 48 91 82 63 5 10 50 92 7 6 48 91 82 63 5 10 50 92 7 6 48 91 82 63 5 10 50 92 7 6 48 91 82 63 5 10 50 92 7 6 48 91 82 63 5 10 50 92 7 6 48 91 82 63 5 10 50 92 7 6 48 91 82 63 5 10 50 92 7 6 48 91 82 63 5 10 50 92 7 6 48 91 82 63 5 10 50 92 7 6 48 91 82 63 5
23 5 6 2 3 6 46 23 5 67 23 5 6 2 3 6 46 23 5 67 23 5 6 2 3 6 46 23 5 67 23 5 6 2 3 6 46 23 5 67 23 5 6 2 3 6 46 23 5 67 23 5 6 2 3 6 46 23 5 67 23 5 6 2 3 6 46 23 5 67 23 5 6 2 3 6 46 23 5 67 23 5 6 2 3 6 46 23 5 67 23 5 6 2 3 6 46 23 5 67
21 56 64 23 45 23 56 23 5 2 21 56 64 23 45 23 56 23 5 2 21 56 64 23 45 23 56 23 5 2 21 56 64 23 45 23 56 23 5 2 21 56 64 23 45 23 56 23 5 2 21 56 64 23 45 23 56 23 5 2 21 56 64 23 45 23 56 23 5 2 21 56 64 23 45 23 56 23 5 2 21 56 64 23 45 23 56 23 5 2 21 56 64 23 45 23 56 23 5 2
6 2 56 23 7 87 23 6 3 6 6 2 56 23 7 87 23 6 3 6 6 2 56 23 7 87 23 6 3 6 6 2 56 23 7 87 23 6 3 6 6 2 56 23 7 87 23 6 3 6 6 2 56 23 7 87 23 6 3 6 6 2 56 23 7 87 23 6 3 6 6 2 56 23 7 87 23 6 3 6 6 2 56 23 7 87 23 6 3 6 6 2 56 23 7 87 23 6 3 6
12 5 34 65 32 34 6 34 6 8 12 5 34 65 32 34 6 34 6 8 12 5 34 65 32 34 6 34 6 8 12 5 34 65 32 34 6 34 6 8 12 5 34 65 32 34 6 34 6 8 12 5 34 65 32 34 6 34 6 8 12 5 34 65 32 34 6 34 6 8 12 5 34 65 32 34 6 34 6 8 12 5 34 65 32 34 6 34 6 8 12 5 34 65 32 34 6 34 6 8
34 65 23 53 46 2 5 1 45 6 34 65 23 53 46 2 5 1 45 6 34 65 23 53 46 2 5 1 45 6 34 65 23 53 46 2 5 1 45 6 34 65 23 53 46 2 5 1 45 6 34 65 23 53 46 2 5 1 45 6 34 65 23 53 46 2 5 1 45 6 34 65 23 53 46 2 5 1 45 6 34 65 23 53 46 2 5 1 45 6 34 65 23 53 46 2 5 1 45 6
3 5 2 5 23 5 43 5 4 3 3 5 2 5 23 5 43 5 4 3 3 5 2 5 23 5 43 5 4 3 3 5 2 5 23 5 43 5 4 3 3 5 2 5 23 5 43 5 4 3 3 5 2 5 23 5 43 5 4 3 3 5 2 5 23 5 43 5 4 3 3 5 2 5 23 5 43 5 4 3 3 5 2 5 23 5 43 5 4 3 3 5 2 5 23 5 43 5 4 3
34 6 2 8 9 6 5 3 5 6 34 6 2 8 9 6 5 3 5 6 34 6 2 8 9 6 5 3 5 6 34 6 2 8 9 6 5 3 5 6 34 6 2 8 9 6 5 3 5 6 34 6 2 8 9 6 5 3 5 6 34 6 2 8 9 6 5 3 5 6 34 6 2 8 9 6 5 3 5 6 34 6 2 8 9 6 5 3 5 6 34 6 2 8 9 6 5 3 5 6
3 54 5 4 34 34 56 2 5 7 3 54 5 4 34 34 56 2 5 7 3 54 5 4 34 34 56 2 5 7 3 54 5 4 34 34 56 2 5 7 3 54 5 4 34 34 56 2 5 7 3 54 5 4 34 34 56 2 5 7 3 54 5 4 34 34 56 2 5 7 3 54 5 4 34 34 56 2 5 7 3 54 5 4 34 34 56 2 5 7 3 54 5 4 34 34 56 2 5 7
32 5 65 34 23 93 23 92 85 73 32 5 65 34 23 93 23 92 85 73 32 5 65 34 23 93 23 92 85 73 32 5 65 34 23 93 23 92 85 73 32 5 65 34 23 93 23 92 85 73 32 5 65 34 23 93 23 92 85 73 32 5 65 34 23 93 23 92 85 73 32 5 65 34 23 93 23 92 85 73 32 5 65 34 23 93 23 92 85 73 32 5 65 34 23 93 23 92 85 73
10 50 92 7 6 48 91 82 63 5 10 50 92 7 6 48 91 82 63 5 10 50 92 7 6 48 91 82 63 5 10 50 92 7 6 48 91 82 63 5 10 50 92 7 6 48 91 82 63 5 10 50 92 7 6 48 91 82 63 5 10 50 92 7 6 48 91 82 63 5 10 50 92 7 6 48 91 82 63 5 10 50 92 7 6 48 91 82 63 5 10 50 92 7 6 48 91 82 63 5
23 5 6 2 3 6 46 23 5 67 23 5 6 2 3 6 46 23 5 67 23 5 6 2 3 6 46 23 5 67 23 5 6 2 3 6 46 23 5 67 23 5 6 2 3 6 46 23 5 67 23 5 6 2 3 6 46 23 5 67 23 5 6 2 3 6 46 23 5 67 23 5 6 2 3 6 46 23 5 67 23 5 6 2 3 6 46 23 5 67 23 5 6 2 3 6 46 23 5 67
21 56 64 23 45 23 56 23 5 2 21 56 64 23 45 23 56 23 5 2 21 56 64 23 45 23 56 23 5 2 21 56 64 23 45 23 56 23 5 2 21 56 64 23 45 23 56 23 5 2 21 56 64 23 45 23 56 23 5 2 21 56 64 23 45 23 56 23 5 2 21 56 64 23 45 23 56 23 5 2 21 56 64 23 45 23 56 23 5 2 21 56 64 23 45 23 56 23 5 2
6 2 56 23 7 87 23 6 3 6 6 2 56 23 7 87 23 6 3 6 6 2 56 23 7 87 23 6 3 6 6 2 56 23 7 87 23 6 3 6 6 2 56 23 7 87 23 6 3 6 6 2 56 23 7 87 23 6 3 6 6 2 56 23 7 87 23 6 3 6 6 2 56 23 7 87 23 6 3 6 6 2 56 23 7 87 23 6 3 6 6 2 56 23 7 87 23 6 3 6
12 5 34 65 32 34 6 34 6 8 12 5 34 65 32 34 6 34 6 8 12 5 34 65 32 34 6 34 6 8 12 5 34 65 32 34 6 34 6 8 12 5 34 65 32 34 6 34 6 8 12 5 34 65 32 34 6 34 6 8 12 5 34 65 32 34 6 34 6 8 12 5 34 65 32 34 6 34 6 8 12 5 34 65 32 34 6 34 6 8 12 5 34 65 32 34 6 34 6 8
34 65 23 53 46 2 5 1 45 6 34 65 23 53 46 2 5 1 45 6 34 65 23 53 46 2 5 1 45 6 34 65 23 53 46 2 5 1 45 6 34 65 23 53 46 2 5 1 45 6 34 65 23 53 46 2 5 1 45 6 34 65 23 53 46 2 5 1 45 6 34 65 23 53 46 2 5 1 45 6 34 65 23 53 46 2 5 1 45 6 34 65 23 53 46 2 5 1 45 6
3 5 2 5 23 5 43 5 4 3 3 5 2 5 23 5 43 5 4 3 3 5 2 5 23 5 43 5 4 3 3 5 2 5 23 5 43 5 4 3 3 5 2 5 23 5 43 5 4 3 3 5 2 5 23 5 43 5 4 3 3 5 2 5 23 5 43 5 4 3 3 5 2 5 23 5 43 5 4 3 3 5 2 5 23 5 43 5 4 3 3 5 2 5 23 5 43 5 4 3
34 6 2 8 9 6 5 3 5 6 34 6 2 8 9 6 5 3 5 6 34 6 2 8 9 6 5 3 5 6 34 6 2 8 9 6 5 3 5 6 34 6 2 8 9 6 5 3 5 6 34 6 2 8 9 6 5 3 5 6 34 6 2 8 9 6 5 3 5 6 34 6 2 8 9 6 5 3 5 6 34 6 2 8 9 6 5 3 5 6 34 6 2 8 9 6 5 3 5 6
3 54 5 4 34 34 56 2 5 7 3 54 5 4 34 34 56 2 5 7 3 54 5 4 34 34 56 2 5 7 3 54 5 4 34 34 56 2 5 7 3 54 5 4 34 34 56 2 5 7 3 54 5 4 34 34 56 2 5 7 3 54 5 4 34 34 56 2 5 7 3 54 5 4 34 34 56 2 5 7 3 54 5 4 34 34 56 2 5 7 3 54 5 4 34 34 56 2 5 7
32 5 65 34 23 93 23 92 85 73 32 5 65 34 23 93 23 92 85 73 32 5 65 34 23 93 23 92 85 73 32 5 65 34 23 93 23 92 85 73 32 5 65 34 23 93 23 92 85 73 32 5 65 34 23 93 23 92 85 73 32 5 65 34 23 93 23 92 85 73 32 5 65 34 23 93 23 92 85 73 32 5 65 34 23 93 23 92 85 73 32 5 65 34 23 93 23 92 85 73
10 50 92 7 6 48 91 82 63 5 10 50 92 7 6 48 91 82 63 5 10 50 92 7 6 48 91 82 63 5 10 50 92 7 6 48 91 82 63 5 10 50 92 7 6 48 91 82 63 5 10 50 92 7 6 48 91 82 63 5 10 50 92 7 6 48 91 82 63 5 10 50 92 7 6 48 91 82 63 5 10 50 92 7 6 48 91 82 63 5 10 50 92 7 6 48 91 82 63 5
23 5 6 2 3 6 46 23 5 67 23 5 6 2 3 6 46 23 5 67 23 5 6 2 3 6 46 23 5 67 23 5 6 2 3 6 46 23 5 67 23 5 6 2 3 6 46 23 5 67 23 5 6 2 3 6 46 23 5 67 23 5 6 2 3 6 46 23 5 67 23 5 6 2 3 6 46 23 5 67 23 5 6 2 3 6 46 23 5 67 23 5 6 2 3 6 46 23 5 67
21 56 64 23 45 23 56 23 5 2 21 56 64 23 45 23 56 23 5 2 21 56 64 23 45 23 56 23 5 2 21 56 64 23 45 23 56 23 5 2 21 56 64 23 45 23 56 23 5 2 21 56 64 23 45 23 56 23 5 2 21 56 64 23 45 23 56 23 5 2 21 56 64 23 45 23 56 23 5 2 21 56 64 23 45 23 56 23 5 2 21 56 64 23 45 23 56 23 5 2
6 2 56 23 7 87 23 6 3 6 6 2 56 23 7 87 23 6 3 6 6 2 56 23 7 87 23 6 3 6 6 2 56 23 7 87 23 6 3 6 6 2 56 23 7 87 23 6 3 6 6 2 56 23 7 87 23 6 3 6 6 2 56 23 7 87 23 6 3 6 6 2 56 23 7 87 23 6 3 6 6 2 56 23 7 87 23 6 3 6 6 2 56 23 7 87 23 6 3 6
12 5 34 65 32 34 6 34 6 8 12 5 34 65 32 34 6 34 6 8 12 5 34 65 32 34 6 34 6 8 12 5 34 65 32 34 6 34 6 8 12 5 34 65 32 34 6 34 6 8 12 5 34 65 32 34 6 34 6 8 12 5 34 65 32 34 6 34 6 8 12 5 34 65 32 34 6 34 6 8 12 5 34 65 32 34 6 34 6 8 12 5 34 65 32 34 6 34 6 8
34 65 23 53 46 2 5 1 45 6 34 65 23 53 46 2 5 1 45 6 34 65 23 53 46 2 5 1 45 6 34 65 23 53 46 2 5 1 45 6 34 65 23 53 46 2 5 1 45 6 34 65 23 53 46 2 5 1 45 6 34 65 23 53 46 2 5 1 45 6 34 65 23 53 46 2 5 1 45 6 34 65 23 53 46 2 5 1 45 6 34 65 23 53 46 2 5 1 45 6
3 5 2 5 23 5 43 5 4 3 3 5 2 5 23 5 43 5 4 3 3 5 2 5 23 5 43 5 4 3 3 5 2 5 23 5 43 5 4 3 3 5 2 5 23 5 43 5 4 3 3 5 2 5 23 5 43 5 4 3 3 5 2 5 23 5 43 5 4 3 3 5 2 5 23 5 43 5 4 3 3 5 2 5 23 5 43 5 4 3 3 5 2 5 23 5 43 5 4 3
34 6 2 8 9 6 5 3 5 6 34 6 2 8 9 6 5 3 5 6 34 6 2 8 9 6 5 3 5 6 34 6 2 8 9 6 5 3 5 6 34 6 2 8 9 6 5 3 5 6 34 6 2 8 9 6 5 3 5 6 34 6 2 8 9 6 5 3 5 6 34 6 2 8 9 6 5 3 5 6 34 6 2 8 9 6 5 3 5 6 34 6 2 8 9 6 5 3 5 6
3 54 5 4 34 34 56 2 5 7 3 54 5 4 34 34 56 2 5 7 3 54 5 4 34 34 56 2 5 7 3 54 5 4 34 34 56 2 5 7 3 54 5 4 34 34 56 2 5 7 3 54 5 4 34 34 56 2 5 7 3 54 5 4 34 34 56 2 5 7 3 54 5 4 34 34 56 2 5 7 3 54 5 4 34 34 56 2 5 7 3 54 5 4 34 34 56 2 5 7
32 5 65 34 23 93 23 92 85 73 32 5 65 34 23 93 23 92 85 73 32 5 65 34 23 93 23 92 85 73 32 5 65 34 23 93 23 92 85 73 32 5 65 34 23 93 23 92 85 73 32 5 65 34 23 93 23 92 85 73 32 5 65 34 23 93 23 92 85 73 32 5 65 34 23 93 23 92 85 73 32 5 65 34 23 93 23 92 85 73 32 5 65 34 23 93 23 92 85 73
10 50 92 7 6 48 91 82 63 5 10 50 92 7 6 48 91 82 63 5 10 50 92 7 6 48 91 82 63 5 10 50 92 7 6 48 91 82 63 5 10 50 92 7 6 48 91 82 63 5 10 50 92 7 6 48 91 82 63 5 10 50 92 7 6 48 91 82 63 5 10 50 92 7 6 48 91 82 63 5 10 50 92 7 6 48 91 82 63 5 10 50 92 7 6 48 91 82 63 5
23 5 6 2 3 6 46 23 5 67 23 5 6 2 3 6 46 23 5 67 23 5 6 2 3 6 46 23 5 67 23 5 6 2 3 6 46 23 5 67 23 5 6 2 3 6 46 23 5 67 23 5 6 2 3 6 46 23 5 67 23 5 6 2 3 6 46 23 5 67 23 5 6 2 3 6 46 23 5 67 23 5 6 2 3 6 46 23 5 67 23 5 6 2 3 6 46 23 5 67
21 56 64 23 45 23 56 23 5 2 21 56 64 23 45 23 56 23 5 2 21 56 64 23 45 23 56 23 5 2 21 56 64 23 45 23 56 23 5 2 21 56 64 23 45 23 56 23 5 2 21 56 64 23 45 23 56 23 5 2 21 56 64 23 45 23 56 23 5 2 21 56 64 23 45 23 56 23 5 2 21 56 64 23 45 23 56 23 5 2 21 56 64 23 45 23 56 23 5 2
6 2 56 23 7 87 23 6 3 6 6 2 56 23 7 87 23 6 3 6 6 2 56 23 7 87 23 6 3 6 6 2 56 23 7 87 23 6 3 6 6 2 56 23 7 87 23 6 3 6 6 2 56 23 7 87 23 6 3 6 6 2 56 23 7 87 23 6 3 6 6 2 56 23 7 87 23 6 3 6 6 2 56 23 7 87 23 6 3 6 6 2 56 23 7 87 23 6 3 6
12 5 34 65 32 34 6 34 6 8 12 5 34 65 32 34 6 34 6 8 12 5 34 65 32 34 6 34 6 8 12 5 34 65 32 34 6 34 6 8 12 5 34 65 32 34 6 34 6 8 12 5 34 65 32 34 6 34 6 8 12 5 34 65 32 34 6 34 6 8 12 5 34 65 32 34 6 34 6 8 12 5 34 65 32 34 6 34 6 8 12 5 34 65 32 34 6 34 6 8
34 65 23 53 46 2 5 1 45 6 34 65 23 53 46 2 5 1 45 6 34 65 23 53 46 2 5 1 45 6 34 65 23 53 46 2 5 1 45 6 34 65 23 53 46 2 5 1 45 6 34 65 23 53 46 2 5 1 45 6 34 65 23 53 46 2 5 1 45 6 34 65 23 53 46 2 5 1 45 6 34 65 23 53 46 2 5 1 45 6 34 65 23 53 46 2 5 1 45 6
3 5 2 5 23 5 43 5 4 3 3 5 2 5 23 5 43 5 4 3 3 5 2 5 23 5 43 5 4 3 3 5 2 5 23 5 43 5 4 3 3 5 2 5 23 5 43 5 4 3 3 5 2 5 23 5 43 5 4 3 3 5 2 5 23 5 43 5 4 3 3 5 2 5 23 5 43 5 4 3 3 5 2 5 23 5 43 5 4 3 3 5 2 5 23 5 43 5 4 3
34 6 2 8 9 6 5 3 5 6 34 6 2 8 9 6 5 3 5 6 34 6 2 8 9 6 5 3 5 6 34 6 2 8 9 6 5 3 5 6 34 6 2 8 9 6 5 3 5 6 34 6 2 8 9 6 5 3 5 6 34 6 2 8 9 6 5 3 5 6 34 6 2 8 9 6 5 3 5 6 34 6 2 8 9 6 5 3 5 6 34 6 2 8 9 6 5 3 5 6
3 54 5 4 34 34 56 2 5 7 3 54 5 4 34 34 56 2 5 7 3 54 5 4 34 34 56 2 5 7 3 54 5 4 34 34 56 2 5 7 3 54 5 4 34 34 56 2 5 7 3 54 5 4 34 34 56 2 5 7 3 54 5 4 34 34 56 2 5 7 3 54 5 4 34 34 56 2 5 7 3 54 5 4 34 34 56 2 5 7 3 54 5 4 34 34 56 2 5 7
32 5 65 34 23 93 23 92 85 73 32 5 65 34 23 93 23 92 85 73 32 5 65 34 23 93 23 92 85 73 32 5 65 34 23 93 23 92 85 73 32 5 65 34 23 93 23 92 85 73 32 5 65 34 23 93 23 92 85 73 32 5 65 34 23 93 23 92 85 73 32 5 65 34 23 93 23 92 85 73 32 5 65 34 23 93 23 92 85 73 32 5 65 34 23 93 23 92 85 73
10 50 92 7 6 48 91 82 63 5 10 50 92 7 6 48 91 82 63 5 10 50 92 7 6 48 91 82 63 5 10 50 92 7 6 48 91 82 63 5 10 50 92 7 6 48 91 82 63 5 10 50 92 7 6 48 91 82 63 5 10 50 92 7 6 48 91 82 63 5 10 50 92 7 6 48 91 82 63 5 10 50 92 7 6 48 91 82 63 5 10 50 92 7 6 48 91 82 63 5
23 5 6 2 3 6 46 23 5 67 23 5 6 2 3 6 46 23 5 67 23 5 6 2 3 6 46 23 5 67 23 5 6 2 3 6 46 23 5 67 23 5 6 2 3 6 46 23 5 67 23 5 6 2 3 6 46 23 5 67 23 5 6 2 3 6 46 23 5 67 23 5 6 2 3 6 46 23 5 67 23 5 6 2 3 6 46 23 5 67 23 5 6 2 3 6 46 23 5 67
21 56 64 23 45 23 56 23 5 2 21 56 64 23 45 23 56 23 5 2 21 56 64 23 45 23 56 23 5 2 21 56 64 23 45 23 56 23 5 2 21 56 64 23 45 23 56 23 5 2 21 56 64 23 45 23 56 23 5 2 21 56 64 23 45 23 56 23 5 2 21 56 64 23 45 23 56 23 5 2 21 56 64 23 45 23 56 23 5 2 21 56 64 23 45 23 56 23 5 2
6 2 56 23 7 87 23 6 3 6 6 2 56 23 7 87 23 6 3 6 6 2 56 23 7 87 23 6 3 6 6 2 56 23 7 87 23 6 3 6 6 2 56 23 7 87 23 6 3 6 6 2 56 23 7 87 23 6 3 6 6 2 56 23 7 87 23 6 3 6 6 2 56 23 7 87 23 6 3 6 6 2 56 23 7 87 23 6 3 6 6 2 56 23 7 87 23 6 3 6
12 5 34 65 32 34 6 34 6 8 12 5 34 65 32 34 6 34 6 8 12 5 34 65 32 34 6 34 6 8 12 5 34 65 32 34 6 34 6 8 12 5 34 65 32 34 6 34 6 8 12 5 34 65 32 34 6 34 6 8 12 5 34 65 32 34 6 34 6 8 12 5 34 65 32 34 6 34 6 8 12 5 34 65 32 34 6 34 6 8 12 5 34 65 32 34 6 34 6 8
34 65 23 53 46 2 5 1 45 6 34 65 23 53 46 2 5 1 45 6 34 65 23 53 46 2 5 1 45 6 34 65 23 53 46 2 5 1 45 6 34 65 23 53 46 2 5 1 45 6 34 65 23 53 46 2 5 1 45 6 34 65 23 53 46 2 5 1 45 6 34 65 23 53 46 2 5 1 45 6 34 65 23 53 46 2 5 1 45 6 34 65 23 53 46 2 5 1 45 6
3 5 2 5 23 5 43 5 4 3 3 5 2 5 23 5 43 5 4 3 3 5 2 5 23 5 43 5 4 3 3 5 2 5 23 5 43 5 4 3 3 5 2 5 23 5 43 5 4 3 3 5 2 5 23 5 43 5 4 3 3 5 2 5 23 5 43 5 4 3 3 5 2 5 23 5 43 5 4 3 3 5 2 5 23 5 43 5 4 3 3 5 2 5 23 5 43 5 4 3
34 6 2 8 9 6 5 3 5 6 34 6 2 8 9 6 5 3 5 6 34 6 2 8 9 6 5 3 5 6 34 6 2 8 9 6 5 3 5 6 34 6 2 8 9 6 5 3 5 6 34 6 2 8 9 6 5 3 5 6 34 6 2 8 9 6 5 3 5 6 34 6 2 8 9 6 5 3 5 6 34 6 2 8 9 6 5 3 5 6 34 6 2 8 9 6 5 3 5 6
3 54 5 4 34 34 56 2 5 7 3 54 5 4 34 34 56 2 5 7 3 54 5 4 34 34 56 2 5 7 3 54 5 4 34 34 56 2 5 7 3 54 5 4 34 34 56 2 5 7 3 54 5 4 34 34 56 2 5 7 3 54 5 4 34 34 56 2 5 7 3 54 5 4 34 34 56 2 5 7 3 54 5 4 34 34 56 2 5 7 3 54 5 4 34 34 56 2 5 7
32 5 65 34 23 93 23 92 85 73 32 5 65 34 23 93 23 92 85 73 32 5 65 34 23 93 23 92 85 73 32 5 65 34 23 93 23 92 85 73 32 5 65 34 23 93 23 92 85 73 32 5 65 34 23 93 23 92 85 73 32 5 65 34 23 93 23 92 85 73 32 5 65 34 23 93 23 92 85 73 32 5 65 34 23 93 23 92 85 73 32 5 65 34 23 93 23 92 85 73
10 50 92 7 6 48 91 82 63 5 10 50 92 7 6 48 91 82 63 5 10 50 92 7 6 48 91 82 63 5 10 50 92 7 6 48 91 82 63 5 10 50 92 7 6 48 91 82 63 5 10 50 92 7 6 48 91 82 63 5 10 50 92 7 6 48 91 82 63 5 10 50 92 7 6 48 91 82 63 5 10 50 92 7 6 48 91 82 63 5 10 50 92 7 6 48 91 82 63 5
23 5 6 2 3 6 46 23 5 67 23 5 6 2 3 6 46 23 5 67 23 5 6 2 3 6 46 23 5 67 23 5 6 2 3 6 46 23 5 67 23 5 6 2 3 6 46 23 5 67 23 5 6 2 3 6 46 23 5 67 23 5 6 2 3 6 46 23 5 67 23 5 6 2 3 6 46 23 5 67 23 5 6 2 3 6 46 23 5 67 23 5 6 2 3 6 46 23 5 67
21 56 64 23 45 23 56 23 5 2 21 56 64 23 45 23 56 23 5 2 21 56 64 23 45 23 56 23 5 2 21 56 64 23 45 23 56 23 5 2 21 56 64 23 45 23 56 23 5 2 21 56 64 23 45 23 56 23 5 2 21 56 64 23 45 23 56 23 5 2 21 56 64 23 45 23 56 23 5 2 21 56 64 23 45 23 56 23 5 2 21 56 64 23 45 23 56 23 5 2
6 2 56 23 7 87 23 6 3 6 6 2 56 23 7 87 23 6 3 6 6 2 56 23 7 87 23 6 3 6 6 2 56 23 7 87 23 6 3 6 6 2 56 23 7 87 23 6 3 6 6 2 56 23 7 87 23 6 3 6 6 2 56 23 7 87 23 6 3 6 6 2 56 23 7 87 23 6 3 6 6 2 56 23 7 87 23 6 3 6 6 2 56 23 7 87 23 6 3 6
12 5 34 65 32 34 6 34 6 8 12 5 34 65 32 34 6 34 6 8 12 5 34 65 32 34 6 34 6 8 12 5 34 65 32 34 6 34 6 8 12 5 34 65 32 34 6 34 6 8 12 5 34 65 32 34 6 34 6 8 12 5 34 65 32 34 6 34 6 8 12 5 34 65 32 34 6 34 6 8 12 5 34 65 32 34 6 34 6 8 12 5 34 65 32 34 6 34 6 8
34 65 23 53 46 2 5 1 45 6 34 65 23 53 46 2 5 1 45 6 34 65 23 53 46 2 5 1 45 6 34 65 23 53 46 2 5 1 45 6 34 65 23 53 46 2 5 1 45 6 34 65 23 53 46 2 5 1 45 6 34 65 23 53 46 2 5 1 45 6 34 65 23 53 46 2 5 1 45 6 34 65 23 53 46 2 5 1 45 6 34 65 23 53 46 2 5 1 45 6
3 5 2 5 23 5 43 5 4 3 3 5 2 5 23 5 43 5 4 3 3 5 2 5 23 5 43 5 4 3 3 5 2 5 23 5 43 5 4 3 3 5 2 5 23 5 43 5 4 3 3 5 2 5 23 5 43 5 4 3 3 5 2 5 23 5 43 5 4 3 3 5 2 5 23 5 43 5 4 3 3 5 2 5 23 5 43 5 4 3 3 5 2 5 23 5 43 5 4 3
34 6 2 8 9 6 5 3 5 6 34 6 2 8 9 6 5 3 5 6 34 6 2 8 9 6 5 3 5 6 34 6 2 8 9 6 5 3 5 6 34 6 2 8 9 6 5 3 5 6 34 6 2 8 9 6 5 3 5 6 34 6 2 8 9 6 5 3 5 6 34 6 2 8 9 6 5 3 5 6 34 6 2 8 9 6 5 3 5 6 34 6 2 8 9 6 5 3 5 6
3 54 5 4 34 34 56 2 5 7 3 54 5 4 34 34 56 2 5 7 3 54 5 4 34 34 56 2 5 7 3 54 5 4 34 34 56 2 5 7 3 54 5 4 34 34 56 2 5 7 3 54 5 4 34 34 56 2 5 7 3 54 5 4 34 34 56 2 5 7 3 54 5 4 34 34 56 2 5 7 3 54 5 4 34 34 56 2 5 7 3 54 5 4 34 34 56 2 5 7
32 5 65 34 23 93 23 92 85 73 32 5 65 34 23 93 23 92 85 73 32 5 65 34 23 93 23 92 85 73 32 5 65 34 23 93 23 92 85 73 32 5 65 34 23 93 23 92 85 73 32 5 65 34 23 93 23 92 85 73 32 5 65 34 23 93 23 92 85 73 32 5 65 34 23 93 23 92 85 73 32 5 65 34 23 93 23 92 85 73 32 5 65 34 23 93 23 92 85 73
10 50 92 7 6 48 91 82 63 5 10 50 92 7 6 48 91 82 63 5 10 50 92 7 6 48 91 82 63 5 10 50 92 7 6 48 91 82 63 5 10 50 92 7 6 48 91 82 63 5 10 50 92 7 6 48 91 82 63 5 10 50 92 7 6 48 91 82 63 5 10 50 92 7 6 48 91 82 63 5 10 50 92 7 6 48 91 82 63 5 10 50 92 7 6 48 91 82 63 5