64 
4578678567857 
6709978986847584
1
2
3
4
5
6
7
8
9
10
11
12
13
14
15
16
17
18
19
20
21
23
25
27
29
31
33
35
37
39
4578678567857
6709978986847584
1561654646465165
88543546153168541
516816547684156165
156165165165165
1564156464684564
15668465465465465
54654646464654644
541654864651561654
461415161651651612
165165165165165165
656165456416516111
651654654654656544
156151561616516511
156165165165156165
165165161651651656
156165165165165111
5144789797987897987
651651516515615616
1000000000000000000
2345
3456
4567
67
7654
56
875
987
123
345
786