100
1000000000000
87388934826
2134543545
23545756745
4432466000
0
2345345
235455466
23453422
2342355454
1000000000000
87388934826
2134543545
23545756745
4432466000
0
2345345
235455466
23453422
2342355454
1000000000000
87388934826
2134543545
23545756745
4432466000
0
2345345
235455466
23453422
2342355454
1000000000000
87388934826
2134543545
23545756745
4432466000
0
2345345
235455466
23453422
2342355454
1000000000000
87388934826
2134543545
23545756745
4432466000
0
2345345
235455466
23453422
2342355454
1000000000000
87388934826
2134543545
23545756745
4432466000
0
2345345
235455466
23453422
2342355454
1000000000000
87388934826
2134543545
23545756745
4432466000
0
2345345
235455466
23453422
2342355454
1000000000000
87388934826
2134543545
23545756745
4432466000
0
2345345
235455466
23453422
2342355454
1000000000000
87388934826
2134543545
23545756745
4432466000
0
2345345
235455466
23453422
2342355454
1000000000000
87388934826
2134543545
23545756745
4432466000
0
2345345
235455466
23453422
2342355454